0 9003 2
0 9195 1
0 16277 0
0 23458 1
0 39956 0
0 46696 0
0 39974 0
0 39947 0
0 13330 0
0 46590 0
1 13884 2
1 13741 2
1 13740 2
1 6151 0
1 28831 0
1 32152 0
1 32107 0
1 35778 0
1 17355 0
1 28832 0
2 37488 0
2 52892 0
2 13899 0
2 47227 0
2 15392 1
2 13976 0
2 15499 1
2 23312 1
2 17214 0
2 13807 0
2 15701 2
2 15982 2
2 16019 2
2 28249 2
2 45700 2
2 50083 2
2 51313 2
3 8173 2
3 8104 2
3 8120 0
3 8127 0
3 8055 0
3 8172 0
3 8096 0
3 8090 0
3 20580 0
3 8165 2
4 58491 2
4 58660 2
4 58612 1
4 58488 2
4 34011 0
4 34474 0
4 41182 0
4 5183 0
4 58670 0
4 58478 0
5 1654 2
5 1604 0
5 35172 0
5 31011 0
5 33763 0
5 31906 0
5 1694 1
5 13553 0
5 752 0
5 15832 0
6 27774 0
6 26685 0
6 42623 0
6 35814 0
6 36381 0
6 42658 1
6 20566 0
6 47941 0
6 42995 0
6 27922 1
6 27924 2
6 42660 2
6 27889 1
6 42650 1
7 20053 0
7 44121 0
7 34946 0
7 39197 0
7 42789 0
7 56521 0
7 54132 0
7 9460 2
7 58172 0
7 25508 0
8 58850 2
8 21035 2
8 50536 0
8 7536 0
8 41482 0
8 22875 0
8 15380 0
8 3552 1
8 53773 0
8 40603 0
9 41310 1
9 8117 2
9 1060 0
9 1504 0
9 2476 0
9 16296 0
9 60691 0
9 55747 0
9 6497 0
9 30918 0
